top:36.3671142811749
bottom:36.2099293412072
left:136.220169988281
right:136.513367620117
zoom:10